2.63 -5.41 0.973 -1.827 10.85 8.16 
-3.29 11.4 0.877 -3.753 8.18 5.91 
-5.49 6.36 0.902 -20.13 20.87 1.03 
1.54 10.8 0.924 -5.808 1.507 4.65 
2.85 0.654 0.992 1.257 24.97 2.98 
5.27 10.8 0.924 -3.372 7.255 5.01 
1.98 4.22 0.984 -2.4 13.79 5.3 
1.54 0.297 0.984 -4.769 14.22 6.73 
-0.439 5.65 0.959 -3.188 7.337 4.73 
-1.32 11.7 0.877 -7.203 12 0.63 
1.54 9.57 0.924 -5.345 4.52 3.79 
9.88 8.14 0.943 6.005 12.65 4.87 
4.39 8.14 0.959 -2.391 25.89 0.88 
7.58 -0.544 0.592 3.03 11.61 5.81 
7.24 8.5 0.959 1.067 17.97 1.59 
4.83 11.4 0.924 -2.459 7.613 0.58 
5.05 8.68 0.959 -0.2265 6.996 3.17 
-1.54 11.2 0.902 -19.33 17.39 0.82 
0.912 2.16 0.182 -5.876 14.88 4.78 
-3.29 -0.416 0.943 -8.158 17.16 5.7 
1.76 7.78 0.959 -6.956 16.6 2.28 
4.17 -3.09 0.992 0.01987 13 5.65 
13.2 7.61 0.924 4.893 7.554 9.28 
-5.49 8.85 0.877 -13.35 19.94 2.08 
11.2 1.72 0.973 6.968 10.97 4.84 
10.5 7.25 0.943 4.888 9.854 4.41 
-1.98 0.832 0.959 -3.716 5.932 9.27 
3.07 6.18 0.973 -0.9395 8.951 3.3 
-2.63 11.2 0.877 -12.34 6.618 3.38 
16 0.119 0.924 9.053 18.95 4.67 
5.05 8.32 0.959 -1.682 5.759 8.73 
3.95 9.57 0.943 -1.332 4.819 9.87 
10.1 3.33 0.973 1.851 11.86 5.61 
5.93 3.86 0.992 0.7874 9.969 5.45 
-4.39 8.68 0.902 -3.992 3.011 7.31 
14.7 -2.73 0.943 9.683 13.97 5.07 
7.46 5.65 0.973 0.4976 10.99 5.06 
2.63 -4.69 0.984 -0.7831 9.969 8.68 
-3.73 1.72 0.943 -8.12 14.94 5 
14.3 9.21 0.902 12.62 8.115 1.97 
10.5 1.93 0.923 1.757 12.88 3.7 
-4.39 -5.94 0.924 -11.08 19.01 5.29 
-4.83 -2.73 0.924 -8.227 19.32 5.11 
9.88 2.79 0.984 2.188 8.73 6.31 
1.98 6.89 0.959 -0.3656 5.989 4.69 
3.51 9.21 0.943 -5.063 9.766 3.19 
9.22 7.61 0.959 2.919 7.449 9.29 
7.02 -4.34 0.984 1.058 7.93 9.96 
-3.51 7.78 0.902 -7.117 3.654 7.31 
8.56 -2.2 0.992 0.5376 10.99 9.81 
9.66 6.36 0.959 1.775 8.823 8.03 
9.88 4.4 0.973 6.51 13.51 3.08 
-3.29 7.07 0.924 -12.76 16.68 1.74 
-1.32 -0.238 0.973 -4.865 12.06 7.66 
5.93 8.14 0.959 2.6 10.69 5.02 
-4.83 4.4 0.924 -4.23 5.577 6.54 
-5.27 2.61 0.924 -7.023 8.466 8.46 
-2.19 -0.0594 0.959 -9.821 21.9 3.24 
10.8 7.07 0.943 4.198 6.81 7.04 
1.76 6.36 0.959 -8.486 18.11 1.34 
0 11.7 0.902 -4.472 2.236 4.79 
6.36 9.39 0.943 2.707 10.66 2.31 
-1.76 9.57 0.902 -11 16.71 2.42 
1.32 -5.76 0.973 -2.756 23.84 5.15 
0.439 -1.66 0.984 -3.426 13.57 6.61 
11.6 -1.31 0.973 6.118 26.3 2.38 
2.63 9.92 0.943 -2.185 8.731 2.61 
-0.878 3.15 0.973 -3.238 5.051 9.51 
-0.219 11.7 0.902 -3.825 3.22 0.33 
-5.27 0.475 0.924 -9.983 18.48 3.71 
10.1 -3.45 0.973 1.432 18.95 5.28 
5.05 9.03 0.943 0.7904 9.969 3.17 
7.02 11 0.924 -0.3488 7.992 4.83 
9.22 7.43 0.959 11.68 17.45 1.47 
5.71 0.119 0.997 -2.093 11.82 4.88 
-0.439 7.96 0.943 -2.735 4.186 7.22 
6.8 5.82 0.973 2.778 4.157 7.26 
7.46 8.5 0.959 -1.425 9.898 5.99 
-1.98 5.47 0.943 -2.809 7.491 7.53 
16.2 1.01 0.924 6.538 12.38 6.44 
